10000
94 67
48 51
5 34
58 44
57 52
2 16
57 45
28 32
27 60
27 51
41 88
74 22
99 58
67 24
27 21
41 73
76 73
8 89
85 81
85 18
34 42
39 88
20 91
3 67
70 0
88 30
5 11
69 15
39 56
78 88
13 18
44 71
12 41
75 4
22 97
39 60
48 8
51 79
98 21
21 55
85 69
32 61
76 42
99 54
94 68
86 29
0 8
49 82
86 64
61 24
37 8
16 52
31 85
58 20
75 82
51 79
93 12
7 83
37 21
89 6
87 32
92 28
10 39
3 93
70 97
57 16
68 7
92 26
46 52
34 3
34 73
85 85
20 27
49 92
50 58
42 90
18 89
80 34
79 81
78 35
51 49
56 35
13 20
72 1
4 59
32 6
43 38
66 70
14 63
21 67
57 17
6 15
1 28
9 87
22 81
82 87
74 26
46 39
92 40
99 18
76 96
34 84
6 19
82 52
71 20
37 56
23 81
9 44
83 25
58 18
57 57
83 40
31 83
23 29
99 23
19 75
59 27
98 6
10 65
37 33
89 34
15 75
71 64
41 24
94 54
63 99
92 3
86 47
28 23
99 10
85 80
59 70
28 96
13 58
91 91
25 50
25 32
96 40
16 48
54 38
89 62
65 18
17 33
9 3
13 97
29 8
78 50
98 89
47 59
50 11
14 90
22 75
67 39
40 70
60 35
97 94
12 50
35 14
17 81
79 44
4 83
85 8
97 83
42 84
47 96
38 44
19 61
53 60
83 38
73 93
87 43
45 22
36 52
33 81
77 5
40 64
73 82
17 26
62 22
71 11
55 61
23 9
22 74
12 28
73 5
48 37
59 60
64 46
27 47
52 50
14 56
38 93
71 87
62 55
66 33
46 85
94 21
47 21
49 16
73 11
48 22
35 22
20 59
6 99
49 99
55 11
4 16
55 94
1 27
12 17
2 68
41 58
80 49
65 41
52 29
4 39
13 53
12 39
90 33
84 19
30 92
8 39
85 86
13 63
33 87
7 25
83 87
36 48
41 15
45 54
45 94
99 1
40 10
95 11
82 82
26 79
18 64
50 86
2 4
43 15
92 35
74 50
50 28
43 63
17 92
38 40
41 14
24 37
0 33
16 19
50 35
99 94
81 68
24 2
69 83
70 67
17 62
90 96
59 68
12 85
26 28
42 50
39 67
1 18
89 39
74 69
63 39
60 26
28 96
79 36
4 97
59 1
98 73
93 1
39 57
38 5
7 65
84 32
51 46
86 37
6 40
32 12
38 22
18 92
28 66
16 50
3 84
10 27
81 1
11 3
61 20
85 49
81 68
67 69
7 84
77 5
17 65
39 9
53 8
74 58
60 33
18 42
70 63
17 28
83 51
71 80
29 96
17 8
29 62
99 84
41 88
54 76
85 58
66 93
3 90
23 93
87 15
31 93
73 57
60 48
28 57
5 83
91 9
23 74
10 73
61 22
50 51
10 67
13 87
77 28
73 16
84 1
94 61
18 15
15 68
77 31
14 95
56 34
9 58
31 79
54 19
71 44
12 4
92 33
61 25
93 21
22 35
96 77
44 69
89 66
49 11
6 18
52 64
74 62
94 13
33 57
1 48
52 56
41 13
90 96
18 2
89 84
61 92
13 37
56 58
69 2
72 5
21 76
90 25
90 47
4 84
32 75
31 58
23 37
85 24
79 14
98 3
48 68
58 11
69 61
64 66
23 91
19 36
13 45
92 9
46 4
31 49
7 30
19 63
87 30
96 5
60 66
87 94
6 8
70 97
63 27
70 34
22 86
83 89
51 88
44 28
77 49
79 75
90 36
18 99
4 30
48 15
61 64
73 35
84 67
47 95
29 99
38 17
59 3
91 21
49 62
11 87
63 78
66 90
41 53
83 37
52 97
62 32
19 13
33 87
34 4
55 32
1 15
18 93
15 12
74 62
49 16
47 85
28 12
18 65
2 69
67 1
85 6
72 81
20 5
61 5
89 54
69 68
62 90
55 39
53 29
97 29
67 3
67 44
62 95
16 37
91 64
23 83
16 76
33 95
52 88
94 46
15 41
83 15
55 77
58 38
20 8
63 55
52 87
34 83
20 14
30 50
86 11
40 53
0 54
43 73
72 52
45 37
53 87
16 29
19 60
20 74
29 39
78 84
19 81
47 12
63 91
55 78
83 1
55 95
20 84
88 98
88 92
31 34
15 41
53 47
21 34
26 73
9 3
36 56
69 28
20 84
14 84
85 75
70 97
33 40
91 42
35 22
8 79
72 18
66 23
9 25
98 39
42 87
44 8
88 79
15 13
49 8
83 29
78 34
26 5
0 64
38 17
48 87
5 46
69 20
97 71
11 30
18 96
56 5
36 62
27 96
5 51
80 76
62 40
98 11
75 40
58 98
85 13
59 58
79 90
14 80
10 76
24 77
34 80
42 32
29 71
22 21
97 86
78 55
18 11
52 76
26 93
6 62
20 11
54 17
49 51
80 20
49 11
92 56
41 83
6 34
56 70
8 29
36 5
69 86
63 54
99 21
35 89
53 57
74 7
59 59
31 75
86 91
47 80
63 78
65 88
10 70
51 73
30 70
57 39
45 99
72 72
13 44
53 7
15 18
77 79
54 26
17 8
40 40
71 16
57 56
78 88
61 67
90 81
20 43
43 47
19 17
13 15
75 32
3 66
45 42
68 80
41 99
91 37
53 33
89 62
2 10
30 19
0 63
7 20
19 72
89 2
69 90
74 54
20 44
86 77
10 17
16 6
43 51
36 60
74 49
11 26
45 77
92 93
65 98
70 99
53 84
26 12
66 23
67 1
78 39
56 6
12 88
91 25
85 8
57 28
6 11
88 20
14 3
1 33
84 79
16 24
36 38
61 42
95 54
93 80
86 74
14 50
75 51
59 6
86 12
75 68
88 44
47 64
97 54
86 1
25 81
71 54
96 13
67 32
65 44
18 61
63 3
54 32
90 90
54 65
85 28
72 29
93 26
80 72
73 42
76 66
72 50
63 99
84 21
65 82
43 49
52 83
67 58
48 7
24 10
90 2
32 10
36 63
87 77
72 68
87 12
62 0
99 59
80 77
11 83
84 45
80 7
65 37
96 0
62 66
68 72
82 52
67 52
82 70
91 54
18 6
58 78
37 32
9 9
45 70
67 73
80 29
66 48
0 45
11 14
87 62
14 32
36 21
92 82
88 70
76 83
13 7
39 86
96 2
72 1
74 41
70 92
40 54
51 89
55 92
54 63
47 42
16 68
2 35
6 8
43 91
98 34
21 8
10 89
42 17
10 35
27 16
22 32
21 67
59 74
89 29
23 65
33 88
23 39
99 36
79 29
64 94
2 29
18 37
54 13
48 61
29 16
48 75
94 52
78 22
51 5
70 67
7 74
66 55
43 30
12 65
60 22
51 28
65 14
27 22
35 71
87 27
54 64
68 35
57 48
5 98
17 8
35 27
83 24
55 1
18 26
1 19
47 30
45 4
78 12
35 24
4 13
30 22
9 58
7 50
49 67
27 64
92 18
43 14
67 75
53 50
69 86
68 6
11 68
80 65
90 89
55 67
89 94
4 37
87 98
17 63
28 88
7 97
11 20
47 50
52 79
65 52
59 21
89 85
51 22
63 21
40 93
87 18
7 29
79 43
7 95
35 49
46 35
7 42
44 57
36 54
6 48
69 53
39 17
39 10
83 42
35 3
73 23
4 74
17 81
28 36
37 24
59 63
58 83
92 66
72 54
3 81
86 31
48 24
87 77
19 88
43 70
46 54
28 16
49 2
90 46
22 77
93 27
62 34
52 51
5 7
40 25
56 8
33 26
4 4
44 20
42 75
30 87
56 40
95 10
8 5
35 85
65 31
17 28
79 79
38 69
94 36
97 78
5 2
59 30
2 61
36 3
43 96
37 18
29 51
56 84
69 89
72 43
71 86
18 89
59 2
91 56
35 5
8 88
70 92
53 67
22 72
20 89
8 65
16 57
41 89
30 25
68 63
1 3
92 92
46 19
28 3
9 37
25 63
55 69
36 95
19 60
49 58
76 40
49 9
50 92
69 43
6 81
36 90
34 59
31 28
84 80
18 59
74 45
14 95
91 81
41 2
12 10
2 42
4 88
33 52
95 54
87 54
44 53
12 23
4 30
11 43
2 88
85 29
76 76
9 51
5 67
30 50
45 17
58 32
84 49
55 43
49 79
84 43
66 46
76 97
92 70
10 87
68 95
23 47
98 45
64 85
35 55
73 94
27 80
29 83
78 63
95 85
80 27
25 79
76 46
69 2
89 21
16 31
79 10
55 91
76 29
85 71
66 64
96 10
45 45
60 26
63 23
2 55
35 95
41 28
30 63
84 62
46 71
81 52
96 77
6 88
12 24
40 43
53 78
75 37
15 98
73 35
91 30
25 76
56 78
93 18
81 86
9 30
34 79
56 43
83 82
7 62
58 95
73 99
36 11
62 0
36 51
81 87
63 79
9 58
77 71
57 2
84 10
89 19
62 19
1 45
59 45
41 60
60 17
81 66
67 48
0 43
30 3
34 33
92 46
17 43
97 69
31 27
46 82
53 20
65 60
5 6
19 24
42 46
13 31
79 23
18 32
35 31
17 0
98 21
64 9
30 68
95 61
95 61
33 93
53 48
7 98
74 10
57 26
57 16
91 22
54 36
20 9
62 41
62 37
98 60
28 78
91 80
93 75
20 39
39 26
76 25
36 46
72 50
19 45
67 81
70 10
72 73
66 90
79 86
46 80
10 77
9 27
54 1
40 2
80 75
52 80
78 56
58 88
33 3
84 77
40 52
77 54
96 64
50 43
75 75
4 48
75 85
39 13
67 82
9 79
11 99
55 61
2 90
45 14
43 87
92 29
36 83
99 69
65 84
12 49
98 92
78 16
82 25
7 17
48 1
1 68
30 12
54 8
22 84
71 99
28 18
1 63
85 16
1 1
2 50
42 13
81 52
78 72
41 63
17 37
6 90
54 18
26 88
72 8
7 1
19 95
11 87
4 72
25 96
98 57
70 80
32 92
65 51
67 62
0 6
48 36
54 58
98 2
10 32
85 22
17 69
57 56
81 28
76 13
70 58
38 74
19 92
95 71
33 36
94 14
50 85
95 43
97 56
89 93
15 60
29 26
35 85
65 38
3 16
74 42
68 25
69 13
36 87
75 65
79 69
55 70
13 30
38 50
96 62
22 79
6 63
48 4
94 41
57 66
60 98
75 83
96 28
68 45
62 32
54 43
13 93
23 61
63 78
93 14
93 59
75 15
71 99
92 23
89 66
16 1
85 49
30 91
88 33
18 50
45 50
96 72
85 11
41 19
85 48
60 34
50 79
78 35
10 21
39 23
24 52
53 55
99 61
95 83
85 87
90 13
37 31
42 86
57 22
22 83
70 43
74 82
69 20
93 52
27 80
32 33
88 52
13 85
21 39
27 60
73 6
89 69
7 62
84 31
67 16
11 7
41 37
9 85
90 11
91 54
87 17
21 75
60 28
67 35
95 81
40 46
67 21
83 29
13 74
43 20
79 80
69 54
40 72
83 30
84 82
99 26
1 24
52 21
8 14
95 71
18 55
28 87
17 85
12 64
84 30
62 55
9 15
87 83
13 1
83 23
49 49
73 35
56 51
17 77
49 16
71 12
0 19
4 0
64 69
99 68
23 0
67 61
44 33
86 54
77 9
10 22
57 79
82 36
13 13
81 99
63 14
85 52
4 15
84 90
58 68
20 83
96 34
19 87
94 92
1 5
27 23
2 12
48 84
49 36
35 13
80 30
35 51
66 65
7 39
60 51
86 18
52 32
20 83
27 71
28 66
41 29
93 8
44 96
32 93
58 46
76 20
71 38
56 63
3 37
40 63
81 15
47 79
14 85
8 19
85 41
22 37
97 27
23 15
60 41
87 7
27 19
9 16
79 50
40 65
29 34
49 80
11 62
48 97
16 25
67 56
45 54
81 89
57 42
36 56
15 17
88 75
91 43
45 98
15 71
57 85
18 44
59 7
4 29
55 7
15 20
74 74
15 13
7 7
15 24
42 43
19 31
26 82
32 62
85 71
57 48
44 43
50 27
56 3
10 54
26 63
37 78
91 53
60 5
29 98
94 28
59 23
6 13
75 37
60 90
38 61
4 17
44 35
38 54
60 53
16 1
79 86
39 6
63 22
20 52
80 92
16 14
79 91
28 74
16 55
68 88
58 7
42 24
30 54
59 80
33 90
28 76
34 12
86 68
72 97
41 59
73 52
95 9
35 5
12 75
15 52
59 80
56 73
80 1
33 86
76 39
67 67
31 56
76 53
2 18
77 48
52 44
53 2
7 47
74 41
93 71
3 90
15 4
57 59
45 47
87 90
9 73
82 6
12 41
11 58
7 14
10 88
42 11
11 64
57 2
73 85
75 50
54 77
88 43
90 11
53 86
11 29
88 63
56 93
52 0
14 67
7 11
22 25
41 49
51 85
71 50
0 77
6 98
41 6
69 94
32 84
13 74
37 44
37 1
53 93
12 41
52 68
45 19
69 27
12 38
88 72
1 35
34 40
98 7
54 27
11 67
41 86
30 77
78 31
76 20
61 84
4 89
8 14
41 49
39 77
2 5
41 79
71 3
63 75
54 69
88 17
55 18
95 81
12 86
58 25
9 41
30 19
33 13
14 38
68 26
32 5
36 22
25 25
52 7
28 88
57 6
24 16
50 13
51 71
49 62
55 9
28 58
24 85
76 14
92 38
96 44
18 76
1 32
92 43
84 53
60 20
89 93
6 36
60 39
53 9
18 9
19 9
46 99
13 43
34 22
18 57
34 30
14 36
32 35
89 6
79 68
61 1
89 68
59 20
29 1
10 12
73 0
51 30
25 20
42 16
73 59
41 61
49 7
43 56
14 81
49 84
85 93
13 63
83 26
28 72
37 64
16 38
20 10
82 67
83 46
57 25
38 57
16 51
59 39
21 59
95 73
19 22
85 80
59 84
9 20
37 87
77 46
8 53
21 50
48 91
68 56
65 57
8 58
97 82
93 67
93 18
93 89
21 64
48 78
51 80
19 9
7 88
93 49
51 16
59 66
23 99
56 27
85 40
22 17
84 82
53 68
57 29
93 46
76 30
11 94
3 27
67 82
83 11
79 61
27 34
33 38
65 2
43 42
59 2
84 17
37 95
77 89
35 94
25 70
16 12
91 88
22 72
35 11
24 6
40 14
4 3
58 26
68 21
23 53
22 79
26 59
49 60
54 3
74 36
48 31
71 42
14 92
55 94
52 1
67 79
34 92
18 71
44 92
45 38
17 19
79 68
28 44
47 80
16 34
18 73
68 17
61 41
35 34
36 16
47 39
32 55
79 81
26 2
41 23
43 23
91 10
6 74
54 71
58 6
31 70
87 76
17 99
86 0
16 5
44 22
77 15
49 28
31 56
32 75
98 24
34 75
49 42
13 93
99 3
25 71
99 30
82 65
65 17
74 68
42 34
49 18
47 71
80 98
25 30
54 12
39 76
18 40
33 88
43 83
55 84
67 20
85 6
75 49
69 3
37 49
20 63
34 38
89 19
49 66
78 66
42 55
95 17
57 60
44 81
65 52
25 51
57 32
33 10
65 33
34 2
65 54
93 54
25 52
18 34
0 74
29 49
18 43
3 77
58 76
80 99
2 23
56 5
68 60
45 41
44 85
40 31
38 61
13 33
67 63
90 84
33 67
62 71
48 51
79 66
17 58
82 12
17 20
32 90
31 37
75 29
60 27
89 15
0 98
14 54
38 19
38 4
75 71
75 1
19 76
34 54
66 36
8 16
58 36
25 40
21 42
69 0
15 82
32 10
65 67
86 98
2 55
79 25
78 30
6 54
8 97
85 40
9 27
63 94
86 67
61 88
41 8
42 31
41 8
76 26
25 58
14 62
39 27
57 93
99 17
66 15
56 7
34 52
46 17
36 49
90 32
92 98
29 31
91 34
61 22
33 67
82 86
65 47
92 73
43 75
90 91
50 9
61 98
15 37
86 59
44 52
50 28
11 36
23 31
5 3
22 84
22 38
85 56
30 87
14 29
72 73
82 5
3 23
60 96
55 71
23 98
27 99
88 25
56 90
93 11
95 13
52 16
24 69
8 89
19 54
79 23
28 91
66 14
10 83
6 26
77 65
17 29
6 56
46 5
68 14
28 40
8 15
84 80
69 32
39 92
15 40
84 18
32 95
31 50
29 42
60 37
19 58
14 29
86 25
92 60
52 54
69 20
52 12
97 5
97 73
14 36
6 65
12 50
0 39
33 43
33 81
39 45
26 52
29 53
66 12
66 21
93 18
83 87
92 45
19 80
16 42
7 85
35 22
13 19
63 35
69 99
44 48
0 60
14 23
35 81
3 32
2 54
41 96
94 85
65 34
28 13
98 81
56 35
6 33
20 21
20 69
69 41
2 17
40 69
51 68
0 75
29 6
54 2
88 23
9 48
13 5
87 37
72 63
96 95
16 78
0 69
10 89
6 69
91 64
32 98
25 94
0 32
87 7
30 6
7 27
32 39
28 20
84 71
66 52
82 32
53 35
24 34
56 16
80 82
80 47
93 13
97 5
12 45
51 84
63 94
85 58
31 96
67 13
17 15
99 86
21 0
34 53
69 97
79 42
41 1
14 11
68 34
79 64
48 33
27 83
41 64
60 13
78 72
39 79
65 96
96 39
44 38
35 82
25 13
14 66
29 66
53 81
45 98
31 32
15 45
9 58
23 9
33 21
1 2
50 73
64 66
5 98
80 8
73 92
11 57
76 39
72 40
38 29
13 17
15 21
32 81
42 24
98 55
9 75
0 99
65 11
9 64
24 22
67 42
99 97
89 78
70 75
56 61
31 61
82 22
3 46
22 66
74 45
72 20
19 83
47 73
37 37
59 56
98 62
11 78
56 50
77 0
62 79
40 34
56 93
91 74
41 11
56 13
34 15
98 28
53 5
42 45
54 91
5 54
32 52
54 68
69 41
72 32
66 83
28 12
86 74
85 19
32 27
42 93
73 18
24 93
90 27
70 18
72 44
49 27
47 57
50 3
87 16
51 22
86 53
79 79
50 72
52 16
61 35
53 94
39 87
66 29
0 30
26 36
15 24
81 27
83 62
31 83
57 70
76 82
14 43
16 7
24 64
99 68
14 85
24 5
86 6
36 90
78 86
11 14
94 93
8 44
28 29
99 39
73 85
81 75
83 39
56 49
69 59
96 7
64 83
89 21
11 51
37 77
44 90
35 0
45 90
19 43
34 25
62 18
46 60
51 43
92 81
92 7
67 61
97 88
61 31
82 38
68 73
15 72
24 64
54 50
46 69
94 25
95 32
44 9
52 41
74 96
55 97
10 66
7 22
54 59
50 68
93 88
12 70
34 8
11 37
58 40
65 9
93 53
14 60
54 38
34 66
15 28
47 41
64 78
37 54
74 70
10 87
57 68
28 23
12 43
83 91
0 70
23 0
13 46
84 89
8 67
47 70
11 23
1 46
52 27
97 39
78 27
47 8
83 88
31 27
19 95
65 67
67 71
17 41
30 80
99 53
23 38
62 99
45 87
14 15
6 50
29 12
72 85
73 76
55 55
50 56
23 74
98 67
8 43
75 67
21 39
29 27
26 96
83 91
59 23
73 50
62 65
2 54
82 86
93 27
84 38
64 43
10 59
2 14
82 71
62 30
57 55
3 91
35 35
58 39
89 94
11 84
90 3
89 14
93 73
11 82
77 29
89 75
90 39
62 43
73 24
31 24
16 82
17 34
73 51
45 28
64 14
17 56
22 54
27 58
92 16
45 90
66 21
61 86
30 8
84 23
0 55
90 15
1 16
67 59
87 27
41 64
72 51
58 59
69 95
63 85
76 62
83 8
47 94
54 96
72 29
36 90
5 72
88 26
86 58
85 7
71 25
29 27
38 43
90 87
24 59
21 53
14 52
98 57
53 61
90 52
42 77
49 26
5 99
58 89
96 91
68 95
22 67
63 97
84 12
72 53
7 61
13 45
2 73
34 12
16 8
85 24
2 59
10 87
76 7
50 20
16 73
92 19
68 90
55 7
61 53
66 27
72 20
93 79
43 27
35 27
3 60
71 72
59 57
17 33
54 36
61 67
38 22
12 53
13 7
12 67
46 74
46 78
9 19
98 39
18 53
65 85
57 73
30 88
21 17
5 99
67 75
97 66
71 57
64 62
29 84
10 76
6 76
47 56
47 16
21 97
82 17
90 38
26 39
56 73
72 47
75 13
79 91
49 72
34 3
87 65
94 16
44 50
6 52
20 91
88 6
23 41
31 22
61 66
39 57
5 70
83 63
7 80
4 15
18 8
73 91
59 57
7 19
72 3
46 66
72 92
86 86
8 47
13 17
75 69
39 4
68 32
64 75
90 27
35 20
11 60
17 60
80 70
25 77
95 4
96 71
57 19
66 34
52 65
87 32
36 79
63 78
53 56
83 27
99 95
7 70
31 63
33 77
54 63
67 11
82 1
20 15
50 92
9 38
70 54
33 96
75 7
63 96
75 80
28 99
69 74
37 35
12 52
15 23
86 18
71 82
98 68
12 91
30 0
54 22
70 0
59 87
35 45
78 75
26 62
88 6
93 95
0 78
53 58
28 15
50 39
59 0
91 0
0 72
46 73
26 54
93 16
14 85
12 28
42 92
50 38
86 30
8 43
53 86
1 13
52 82
34 3
3 12
36 25
51 3
57 82
98 29
14 50
30 12
56 27
17 72
55 6
2 3
89 15
29 7
89 43
46 81
45 23
1 50
53 81
63 4
33 63
13 14
78 99
78 96
68 35
93 96
99 75
91 47
55 41
84 20
53 44
20 30
32 99
80 73
77 86
1 96
62 10
9 14
62 40
27 88
36 83
58 21
68 35
76 1
73 23
20 12
95 27
78 40
13 27
65 10
6 42
52 66
33 20
61 13
53 95
78 88
9 89
77 89
90 30
53 5
18 64
91 25
65 65
92 21
31 30
72 10
76 90
10 76
42 9
57 71
12 95
37 87
76 73
3 14
71 67
31 9
34 89
54 74
95 52
82 99
9 26
68 7
35 37
47 79
50 77
25 56
43 14
88 62
28 20
39 91
52 99
41 70
96 87
39 95
46 43
21 73
32 55
93 90
69 68
45 92
0 71
86 70
84 43
15 26
69 12
64 54
76 22
9 5
52 72
67 0
73 99
6 89
31 58
26 51
43 0
23 23
46 43
39 61
87 30
95 54
9 57
31 59
64 85
10 40
92 16
67 77
18 17
75 74
25 49
1 1
25 21
64 77
38 71
53 55
10 78
87 48
59 19
56 18
10 23
92 18
96 2
19 59
85 66
16 95
96 11
32 69
46 73
44 48
4 37
67 98
98 66
37 54
24 58
33 93
12 34
36 25
37 60
78 7
2 22
85 94
16 51
24 17
18 14
51 21
19 22
40 18
24 69
27 77
70 48
34 61
38 34
46 70
30 27
50 25
71 32
35 35
5 87
54 60
81 23
97 5
76 52
21 37
14 0
1 1
62 36
23 35
58 52
80 21
46 88
72 82
69 70
9 8
68 26
49 63
69 1
53 98
87 97
49 26
27 53
90 50
38 41
46 65
86 96
36 78
60 85
55 8
16 81
8 16
80 36
37 9
8 1
98 42
21 47
1 47
50 0
94 43
8 88
36 40
18 46
83 72
80 30
11 90
7 97
85 71
81 87
40 23
17 41
88 38
37 38
91 41
84 39
27 85
25 92
91 63
35 95
25 74
65 68
65 88
12 72
11 50
25 93
86 51
41 95
85 26
68 30
70 76
61 52
97 49
65 38
33 88
14 52
20 10
51 31
55 37
40 63
56 66
69 17
12 94
20 62
45 98
74 88
41 67
16 88
26 90
78 33
86 60
22 44
76 58
48 73
36 31
50 88
5 44
38 71
34 70
68 59
99 79
46 94
34 92
82 14
48 61
73 12
57 86
96 95
21 85
16 44
32 57
2 18
90 90
60 92
51 24
55 80
26 3
95 1
67 61
74 78
90 15
53 47
94 99
84 50
94 15
25 53
71 27
69 79
71 61
37 29
9 23
78 92
45 87
48 73
51 13
80 22
21 94
45 34
36 68
35 30
35 30
9 60
39 6
20 78
59 11
86 57
2 20
8 64
89 47
60 8
31 93
87 93
27 4
72 84
14 15
45 8
20 49
8 55
85 60
23 28
37 45
17 61
77 39
87 25
34 66
59 99
92 17
21 98
83 71
86 46
54 49
51 32
39 26
38 59
39 76
73 61
74 76
16 91
16 51
70 55
54 2
19 29
80 99
70 93
39 15
64 9
93 93
71 67
26 84
60 10
23 17
94 34
77 98
1 62
17 93
48 71
53 23
22 67
60 33
48 45
54 99
44 64
32 47
31 16
78 10
28 91
77 1
99 74
36 54
0 1
72 5
28 48
67 77
10 3
48 28
79 10
75 54
1 76
92 7
69 32
75 22
23 97
71 5
11 23
76 59
16 63
11 0
78 45
0 31
59 40
51 48
2 90
66 26
85 55
39 10
32 6
4 66
71 56
31 27
87 35
98 59
59 55
0 62
93 89
30 52
52 4
94 81
59 6
61 13
75 96
2 52
19 8
16 58
38 42
77 99
58 25
32 28
90 69
11 33
37 83
87 41
74 90
96 33
98 85
33 10
62 74
82 87
98 81
24 50
49 36
13 53
81 59
80 45
30 71
6 43
36 68
58 45
79 62
47 6
16 77
51 32
72 31
12 85
87 70
58 88
94 88
99 71
16 75
99 80
75 99
67 5
3 12
74 77
83 34
11 74
58 52
83 15
52 30
52 47
36 40
80 10
33 82
57 80
12 2
1 8
66 87
99 20
97 69
3 26
0 32
36 66
33 58
41 19
19 86
78 45
56 7
89 58
38 41
43 46
7 2
90 44
16 73
42 41
67 13
98 97
63 19
78 34
6 49
87 71
16 25
32 17
75 24
66 21
19 66
68 61
6 78
51 10
52 74
88 45
42 19
39 38
72 58
7 69
92 30
55 46
63 8
85 39
12 90
56 51
12 84
62 77
39 70
45 14
11 91
63 85
75 6
64 2
23 47
78 23
21 15
75 85
25 84
74 60
63 89
73 83
12 28
50 36
50 51
43 47
84 13
19 6
60 59
7 35
10 83
50 37
74 31
15 77
38 51
41 42
25 53
81 14
50 37
88 32
79 52
66 83
89 64
23 85
73 1
36 82
71 83
15 86
64 46
97 82
24 54
7 38
53 1
90 89
73 3
8 31
14 4
20 74
11 56
57 44
78 84
68 46
32 50
48 35
69 48
54 97
36 46
47 14
55 41
96 38
69 28
84 4
30 35
91 5
49 42
26 1
47 79
81 46
81 31
32 29
27 3
49 86
0 15
56 96
86 7
35 4
9 7
43 20
25 91
33 86
87 26
57 12
58 34
66 39
20 92
95 98
36 99
14 44
92 89
96 22
27 79
38 84
4 88
79 81
20 81
59 65
77 7
42 16
7 87
79 60
10 28
27 26
22 46
87 94
16 15
46 84
68 95
35 36
70 24
57 15
80 90
97 68
36 9
96 91
3 44
24 76
54 13
12 3
97 77
44 99
83 66
61 90
78 3
79 49
64 48
38 88
56 96
5 88
79 93
37 1
29 83
48 13
16 84
13 60
60 66
32 57
99 95
99 45
94 77
26 30
19 10
58 16
4 75
68 63
17 36
19 57
22 98
82 67
28 39
57 47
4 40
35 89
86 3
33 86
17 33
95 11
27 36
63 54
69 32
68 32
41 86
85 39
58 64
55 19
67 86
78 12
53 71
27 14
0 91
24 12
23 69
5 20
26 50
34 21
53 95
34 2
93 46
62 19
90 52
90 17
29 9
33 69
83 34
26 60
24 35
5 2
74 47
97 62
83 0
96 84
86 88
87 30
1 32
84 49
19 43
53 74
95 0
35 86
98 30
66 61
63 22
69 23
37 38
90 18
2 73
13 38
20 41
73 0
2 21
17 9
35 21
21 70
56 31
61 8
69 6
28 79
54 85
75 97
67 92
17 17
56 70
63 30
31 76
50 36
45 33
6 67
37 80
63 27
36 45
51 25
56 57
94 31
80 11
55 21
39 47
17 72
2 95
71 32
68 85
70 73
40 65
98 76
4 29
74 61
38 92
1 77
8 47
58 96
17 88
36 13
37 8
3 5
38 39
77 27
0 58
76 47
24 93
22 74
87 80
24 97
26 78
77 25
21 87
75 35
0 91
99 63
21 89
28 55
34 11
21 57
5 34
79 97
23 81
61 2
51 63
93 85
10 77
64 70
5 84
75 92
7 57
46 26
81 28
91 26
84 67
2 13
10 41
22 81
35 34
49 83
20 86
16 42
12 82
66 32
24 69
26 93
72 32
12 24
50 5
73 4
17 86
27 75
8 79
65 49
84 96
82 14
56 4
87 50
83 20
89 5
99 7
91 67
43 71
28 56
60 46
32 1
28 29
60 12
61 89
85 26
92 46
2 67
18 1
21 89
47 53
12 63
30 46
69 4
12 26
72 97
51 24
53 4
16 79
68 65
91 30
28 53
73 84
85 30
72 43
96 58
21 71
69 8
64 4
30 90
87 76
0 2
58 90
70 5
23 27
57 38
44 14
50 37
19 17
12 87
46 43
14 60
20 19
23 83
73 85
13 5
59 13
3 66
23 18
45 73
64 46
13 54
91 8
77 63
3 10
54 41
1 1
20 20
4 21
58 96
53 77
42 72
90 13
31 46
71 13
60 28
82 87
47 25
88 25
87 24
17 43
44 93
14 70
92 17
13 18
47 2
74 66
79 90
88 16
30 62
42 59
47 42
67 76
1 94
71 7
51 41
34 40
11 47
64 0
70 3
57 29
96 18
60 84
0 27
42 0
59 30
24 84
61 58
5 91
51 14
55 28
68 54
1 42
42 31
86 66
95 13
83 44
28 43
71 43
95 28
11 65
49 54
65 35
27 62
77 22
2 30
84 84
78 22
54 85
3 21
86 40
84 51
94 69
64 64
93 17
82 59
65 4
39 84
46 82
56 18
48 75
60 58
81 32
70 90
11 87
27 73
24 97
18 64
28 71
40 34
93 21
77 75
59 11
93 69
87 57
33 50
60 88
72 45
35 93
80 42
68 99
48 60
24 44
15 67
53 52
26 8
83 47
10 55
24 94
51 3
5 64
52 36
33 66
59 76
19 69
20 92
52 39
83 68
87 76
80 51
59 41
40 58
14 94
88 50
5 90
54 91
28 11
29 58
35 61
82 40
32 6
97 54
75 36
12 80
83 62
55 45
3 42
88 47
49 69
60 76
68 55
18 14
25 48
61 99
91 12
18 96
50 76
12 15
47 25
40 77
22 31
25 95
95 77
99 14
90 44
51 59
25 10
10 21
72 2
14 72
68 64
40 32
99 18
96 4
81 99
30 36
83 55
85 55
21 78
75 84
95 12
74 78
0 20
23 37
9 72
88 37
22 29
99 80
85 73
72 95
31 18
74 54
62 15
93 11
95 83
47 20
99 90
62 74
11 51
23 85
75 20
1 64
44 49
74 0
96 81
0 99
53 27
42 26
37 67
51 88
60 32
74 50
24 59
10 36
74 35
7 86
2 1
2 8
9 46
80 76
27 5
84 80
58 81
0 79
19 95
79 51
2 79
39 5
41 26
14 1
39 67
68 21
30 41
40 70
99 39
96 20
52 26
59 80
59 10
57 60
63 78
10 88
93 65
44 1
2 34
2 58
31 94
35 22
93 61
52 75
47 44
70 48
29 99
61 30
42 40
71 70
58 5
71 81
82 51
38 67
77 36
30 92
66 8
70 66
93 11
55 22
23 41
92 26
8 52
44 54
24 50
7 15
48 35
86 78
97 82
19 76
20 26
35 1
19 87
98 57
31 13
6 6
84 54
58 98
4 92
94 3
70 29
64 1
32 71
53 2
31 81
8 24
26 51
90 95
52 45
10 41
47 83
90 16
67 31
75 48
3 71
52 21
74 26
97 68
71 58
40 2
27 54
57 0
95 5
50 48
41 47
82 13
29 40
71 72
73 48
20 98
71 28
6 72
41 45
4 3
58 64
70 44
44 85
42 27
27 91
38 92
57 68
8 72
97 87
35 31
81 22
50 7
32 52
98 57
12 73
89 54
50 70
7 59
38 46
37 49
94 66
86 75
99 51
90 47
30 96
18 78
85 12
16 21
78 17
42 66
20 42
13 83
94 70
16 72
22 33
51 53
80 68
71 89
88 32
28 62
92 19
83 99
20 29
99 99
66 50
92 93
77 38
9 57
82 23
8 77
83 56
24 11
1 15
47 95
9 89
60 76
27 1
83 43
95 47
49 82
75 13
51 41
51 4
28 60
38 33
41 36
0 73
88 65
12 1
42 36
64 74
27 55
50 91
38 10
92 45
58 87
80 68
24 62
22 83
68 52
41 12
37 9
26 41
94 26
62 39
65 88
43 26
17 92
3 94
39 7
46 47
67 50
12 26
62 92
96 86
51 30
92 37
30 88
14 18
9 76
65 28
54 74
19 8
2 23
30 74
21 94
96 76
55 41
33 60
98 17
99 29
19 1
42 91
62 1
78 8
37 23
98 43
3 43
67 69
43 6
52 49
26 16
57 0
60 33
2 90
72 10
12 1
45 43
44 54
62 59
82 74
17 51
95 32
1 21
79 62
63 96
13 83
83 89
74 70
13 95
57 76
30 37
80 69
75 27
86 76
51 90
41 68
53 20
93 88
2 6
3 72
55 66
55 16
38 90
37 82
58 51
40 95
64 88
15 72
49 92
82 53
74 52
72 75
64 27
33 18
90 66
32 36
4 98
40 40
22 95
98 78
73 32
21 39
11 89
33 88
42 12
64 15
43 16
95 89
7 59
25 80
69 49
99 10
2 73
68 40
70 24
56 67
58 95
84 29
18 69
82 18
85 12
80 98
39 80
39 75
7 98
48 17
27 76
2 99
91 29
5 70
89 61
56 61
43 99
69 93
63 61
25 3
53 48
81 5
32 93
43 20
37 39
16 43
43 64
45 18
40 34
48 50
64 82
81 56
1 7
20 2
57 64
65 45
2 11
56 46
66 34
25 99
43 56
72 41
11 86
72 18
20 4
86 72
29 84
43 19
22 30
47 63
8 79
42 12
10 10
96 98
98 28
84 22
15 41
79 57
27 27
31 3
76 99
36 69
88 57
39 79
43 62
42 86
50 3
66 84
35 60
89 14
36 33
26 73
82 4
31 57
60 61
61 14
83 88
45 49
28 23
86 85
23 23
79 28
64 74
86 97
11 99
84 75
1 0
56 62
19 35
97 87
53 80
68 10
59 88
11 66
3 39
15 97
25 26
52 94
43 42
93 39
66 6
6 30
92 67
3 14
53 64
44 52
62 6
94 64
82 73
12 6
3 85
64 27
73 81
75 16
7 16
23 68
50 74
41 81
96 43
7 96
48 49
8 3
19 10
35 2
60 2
39 0
27 16
97 3
72 53
21 24
44 79
53 44
78 95
90 47
43 26
27 49
52 92
54 35
90 23
77 90
90 2
18 17
20 69
74 67
91 92
24 96
92 36
83 29
76 70
48 73
22 72
16 76
63 26
49 70
12 5
8 27
96 54
24 26
46 16
61 98
46 37
25 37
66 39
61 8
33 95
19 10
38 55
81 35
57 53
59 83
62 22
76 19
45 58
26 52
3 91
81 87
24 49
88 6
67 43
38 2
12 0
8 57
44 2
55 41
24 1
23 66
85 38
96 52
4 31
74 23
62 59
9 7
14 39
82 49
51 33
33 72
81 15
17 41
83 25
78 25
91 59
98 54
6 77
60 46
69 62
22 86
94 32
23 83
32 60
93 5
29 36
3 78
72 10
35 73
98 7
66 65
19 89
18 16
63 77
92 30
17 84
68 14
49 63
23 91
48 81
69 68
46 77
87 73
46 18
25 74
92 96
37 44
60 63
41 56
38 75
60 33
99 55
18 28
72 48
81 93
61 20
50 3
76 8
78 37
64 74
22 56
0 8
71 59
67 12
88 12
97 6
13 0
80 96
96 84
77 52
25 78
81 91
51 75
12 9
35 29
85 28
36 57
16 85
50 8
72 84
42 38
90 70
18 55
39 70
75 15
45 69
60 0
75 78
87 11
92 39
68 22
79 78
15 56
16 47
83 17
7 89
11 25
81 97
68 81
48 72
41 95
95 93
71 53
16 70
9 10
84 9
39 29
86 63
63 6
24 54
95 46
72 31
29 58
40 5
77 49
44 40
34 71
24 39
61 57
20 93
2 70
0 4
20 93
99 38
92 83
29 23
55 88
46 53
58 36
37 38
79 88
59 81
72 65
74 35
80 33
55 94
99 82
75 55
45 71
54 27
50 38
78 35
41 57
45 76
15 51
39 82
15 46
11 50
38 39
24 85
32 18
53 80
87 83
54 80
7 33
23 60
47 10
19 1
29 88
40 65
99 44
42 31
82 15
6 5
43 20
90 31
63 75
58 43
24 50
35 64
76 83
93 58
11 23
12 13
30 93
37 4
35 29
96 32
37 69
41 3
86 80
55 32
27 1
51 65
81 3
87 39
49 57
81 32
97 13
6 45
1 27
9 95
27 36
58 57
60 65
97 99
83 98
99 5
22 11
66 3
42 4
61 5
38 43
56 94
39 87
67 62
10 92
29 76
33 37
54 39
38 46
96 52
9 74
37 48
51 31
35 3
9 45
88 49
43 99
38 97
11 35
27 5
33 21
11 8
47 19
17 17
21 38
12 13
61 30
62 1
4 64
9 49
98 65
16 50
99 42
77 55
60 10
84 56
65 94
13 95
12 12
2 82
95 34
16 66
67 9
73 78
28 24
89 35
37 78
20 6
61 36
98 49
6 73
67 34
29 71
35 32
14 94
80 90
56 62
23 48
27 24
48 96
83 7
85 89
95 20
56 58
59 8
82 7
41 65
88 1
34 23
69 76
66 0
14 49
49 22
98 37
86 28
87 98
88 69
90 73
83 35
44 98
5 42
60 78
79 47
70 0
76 65
18 39
40 94
69 32
22 89
18 67
66 8
77 5
30 6
41 67
18 65
8 37
15 23
70 20
20 95
60 40
79 49
95 78
63 71
61 64
84 85
45 31
88 2
8 22
42 19
36 1
39 60
83 96
16 54
49 6
46 89
90 62
40 78
1 85
50 55
92 62
45 86
88 37
60 34
5 48
49 54
66 41
90 88
43 1
7 6
47 44
6 6
36 37
75 99
54 37
52 77
63 47
84 97
83 51
99 96
2 40
34 0
89 20
22 24
82 32
76 81
87 30
19 35
34 23
13 94
71 40
87 65
14 86
89 24
72 98
90 40
41 75
95 24
48 30
14 69
51 31
61 90
77 90
66 32
27 11
52 79
96 50
37 91
15 10
60 26
67 40
67 51
75 8
90 14
84 76
7 4
46 87
77 20
52 24
35 43
22 31
82 39
31 18
81 19
97 98
38 41
44 64
24 5
20 20
96 14
18 4
91 55
75 65
41 20
64 79
11 76
68 38
57 93
64 99
97 90
31 61
78 88
93 76
48 2
17 65
21 96
51 87
4 64
85 78
57 45
74 49
87 20
65 42
93 96
86 29
91 90
30 70
46 69
23 76
41 46
42 92
32 63
27 45
75 36
82 12
13 84
5 56
50 1
49 70
0 43
85 36
6 43
64 16
92 4
50 39
32 33
48 44
41 64
0 76
40 16
0 34
42 54
55 57
28 92
87 4
92 80
75 73
41 98
54 39
78 33
18 56
0 62
26 67
95 41
9 79
65 35
89 10
67 8
52 96
53 47
27 40
65 45
96 54
93 6
91 50
7 24
86 61
28 59
53 65
96 75
11 62
24 61
69 52
49 92
91 74
66 54
99 71
25 31
89 47
98 71
95 80
93 57
16 33
98 22
49 69
32 94
8 60
13 8
52 29
3 14
68 44
15 21
4 19
67 92
63 93
25 65
74 10
44 19
93 90
12 94
41 42
55 96
4 49
30 68
34 57
1 34
7 2
73 68
12 12
57 40
57 28
38 83
54 31
22 34
81 47
41 86
82 74
75 96
16 86
95 5
91 50
4 48
68 99
11 78
70 81
9 68
3 28
59 99
34 9
56 33
19 15
41 50
98 1
40 16
21 15
17 35
36 13
64 74
4 4
85 75
95 74
2 46
46 51
60 62
95 80
47 69
19 67
68 88
56 17
84 60
48 77
90 54
28 84
40 6
81 84
58 26
72 29
32 13
27 70
2 92
61 74
41 1
41 32
2 62
74 97
75 38
92 22
58 17
24 72
56 99
77 57
38 67
32 1
72 70
15 59
33 26
28 76
61 27
89 69
67 15
53 15
38 94
63 98
22 48
99 39
97 79
98 76
78 87
58 30
41 2
28 73
1 26
53 56
78 14
29 94
10 97
43 35
33 0
48 6
46 55
86 48
76 95
82 36
18 6
8 92
17 59
86 89
97 71
85 91
86 75
24 67
2 48
48 67
26 87
94 48
96 24
19 33
69 73
31 53
98 88
99 40
81 15
86 37
29 78
6 24
91 67
15 82
50 93
32 63
11 28
52 26
59 60
85 23
76 81
21 16
8 26
94 20
58 89
20 32
56 39
6 26
8 47
92 73
36 10
38 76
3 99
11 90
13 14
95 48
65 42
68 16
89 25
15 14
47 99
38 87
13 3
3 96
69 73
36 47
24 57
8 74
17 79
93 20
68 82
76 89
57 85
11 97
11 46
45 78
65 58
14 35
31 30
55 69
16 0
57 91
18 92
71 66
38 87
21 65
6 58
44 98
95 15
14 55
85 6
17 11
47 50
32 83
52 78
31 87
31 20
65 40
58 1
88 36
53 96
55 61
59 11
27 51
58 54
13 93
4 43
45 82
17 51
82 29
68 69
41 65
5 99
52 6
95 64
12 92
54 0
12 19
70 13
20 91
84 28
23 85
19 88
92 20
49 36
57 26
91 18
69 50
57 48
64 22
14 4
4 29
48 68
34 16
7 71
51 6
91 43
84 75
95 62
98 76
54 45
15 55
57 97
45 84
6 14
70 62
91 73
93 75
43 91
62 79
85 3
46 14
41 28
90 30
58 36
33 88
95 12
9 0
85 53
19 7
69 43
16 90
17 60
51 62
41 60
15 66
80 27
55 62
44 21
9 46
86 3
67 95
95 34
39 77
84 80
76 58
0 5
65 44
6 69
30 68
34 48
27 45
59 66
87 82
80 4
59 49
44 19
53 26
55 39
72 92
2 91
96 48
92 55
24 13
82 99
99 6
52 68
35 26
60 63
19 74
23 41
12 78
5 67
59 65
9 12
4 31
79 63
70 0
14 23
22 95
1 48
16 73
99 5
21 3
78 60
53 40
19 53
73 65
82 76
88 32
63 43
58 92
45 94
17 29
76 11
59 92
17 77
35 27
83 17
29 56
96 13
66 82
99 67
95 39
23 33
76 84
28 38
32 86
15 25
36 2
46 91
21 47
75 63
32 8
64 10
23 61
95 12
32 89
81 94
27 27
63 4
43 55
94 92
69 27
81 61
53 6
53 79
43 26
34 80
90 27
89 50
14 65
7 84
31 98
26 40
44 10
18 89
33 39
19 12
73 3
61 0
32 78
56 66
99 27
54 42
92 41
7 43
80 59
57 14
54 63
73 35
77 50
42 43
55 10
65 13
65 81
59 26
45 97
24 68
10 44
85 79
74 55
14 92
58 54
17 23
59 64
67 43
86 88
98 9
22 42
75 16
94 87
37 86
54 39
83 61
40 65
20 21
65 15
21 34
9 24
88 39
34 20
8 7
16 20
14 59
75 90
30 89
76 69
61 67
80 30
95 96
17 73
40 15
1 83
7 61
52 63
83 47
55 86
7 44
3 23
66 73
63 78
99 48
67 39
21 60
57 47
20 69
84 26
9 60
74 38
1 68
68 26
65 36
80 75
50 24
97 35
65 16
16 60
51 65
77 83
83 25
94 86
13 3
16 30
68 74
95 42
68 21
10 63
38 85
9 42
78 88
57 59
19 43
60 25
9 23
48 38
76 92
47 94
24 41
68 15
57 45
66 63
26 26
63 76
19 16
56 73
32 49
92 65
91 3
78 5
95 0
44 78
72 71
13 91
7 97
94 81
96 16
94 60
89 22
38 58
83 60
9 46
12 15
70 53
58 3
3 49
79 53
77 99
42 4
53 42
75 49
18 47
7 71
93 12
70 48
8 83
29 53
20 69
75 41
96 91
92 85
39 51
50 23
27 16
10 93
94 80
27 85
56 12
25 87
35 1
36 47
1 96
17 17
59 73
64 92
78 7
59 8
32 69
37 9
54 11
92 47
32 49
13 71
58 40
93 38
38 94
42 29
46 39
12 59
52 57
65 29
89 30
99 24
85 73
85 36
35 40
41 29
0 67
59 54
45 59
5 52
33 83
74 47
6 79
89 38
67 10
40 6
82 9
82 91
79 67
59 19
48 14
33 52
7 49
8 44
48 4
39 13
12 81
13 13
3 18
29 2
60 23
32 21
65 42
9 66
86 44
11 21
73 34
83 96
41 32
88 43
8 41
23 27
92 72
91 88
42 96
19 72
45 2
44 51
17 10
7 5
26 55
90 70
18 52
36 25
21 11
53 25
4 81
54 76
64 97
93 97
21 6
60 64
67 66
29 4
9 36
92 88
10 88
92 34
59 28
92 28
5 32
14 45
73 10
7 68
17 37
95 52
16 38
56 55
11 83
19 37
77 72
60 63
97 87
68 4
33 57
41 60
57 38
0 55
75 30
67 7
11 44
82 14
21 27
62 91
28 32
56 34
49 58
97 17
73 47
56 65
77 58
49 97
5 34
64 49
57 32
77 83
49 20
0 59
2 22
54 62
48 31
41 63
80 98
97 38
56 5
64 53
2 33
20 13
62 7
40 36
72 71
92 17
28 21
44 92
6 31
14 50
13 7
5 55
93 45
51 2
7 49
35 67
80 9
17 7
43 42
66 9
26 15
89 58
50 6
37 85
35 8
15 3
58 1
98 20
74 4
5 1
68 33
43 92
99 48
43 12
21 43
10 9
19 99
5 99
84 69
29 95
98 72
73 45
17 9
13 23
25 44
77 70
63 93
42 72
84 62
57 37
98 57
8 68
19 17
86 14
9 56
28 15
12 7
16 53
76 30
74 81
4 1
95 51
24 67
81 89
78 60
70 91
11 76
93 78
44 30
86 31
98 53
13 66
19 11
41 81
15 48
49 15
18 19
38 96
37 94
7 71
62 15
91 77
7 73
56 36
67 4
9 94
61 66
29 22
56 32
80 70
37 23
42 30
78 55
2 32
3 16
31 9
38 66
91 75
11 97
1 99
94 31
49 11
85 55
87 78
48 41
64 68
50 85
92 58
90 28
96 94
3 94
12 80
55 93
91 55
55 18
1 92
3 49
56 50
28 89
82 95
15 76
13 47
57 65
46 58
52 48
94 42
22 8
53 58
13 29
0 44
37 20
21 1
52 92
81 77
25 80
9 64
63 40
58 74
32 20
20 4
98 37
97 14
24 73
2 50
47 90
10 54
56 84
76 84
61 8
40 10
26 38
79 1
76 41
13 37
93 60
49 34
0 91
16 46
49 25
15 71
25 96
32 77
61 33
41 60
70 75
13 34
35 48
89 92
81 63
24 3
89 74
18 73
72 89
14 86
57 73
21 81
11 83
68 53
13 72
99 10
96 36
84 13
57 31
47 26
81 91
65 71
96 70
11 35
22 20
93 78
59 31
66 14
19 70
95 35
97 33
21 94
59 93
76 5
83 69
60 23
46 16
86 77
65 95
15 98
76 87
70 61
27 87
10 37
72 47
32 5
51 69
14 53
10 63
32 90
66 46
62 92
21 64
59 49
99 86
25 27
40 27
66 96
85 67
66 76
33 57
78 50
55 37
0 44
86 66
12 32
76 52
17 26
27 97
36 28
55 26
5 61
9 95
15 72
0 94
3 33
84 86
23 33
77 91
57 23
7 64
68 21
48 83
32 37
66 27
6 20
34 73
21 11
35 43
90 88
21 88
74 45
31 57
49 97
72 8
24 58
32 79
14 45
82 32
59 98
71 0
26 65
29 5
0 47
35 64
4 42
88 8
18 78
27 71
31 67
77 51
82 56
53 9
41 96
47 35
88 53
18 18
23 14
61 47
64 75
18 48
8 68
99 58
29 26
45 78
30 60
68 23
32 12
61 21
57 26
79 60
78 45
59 49
49 53
80 72
20 13
33 98
56 28
7 84
63 85
98 52
75 45
9 66
88 60
38 22
82 97
94 69
18 12
17 5
29 67
32 98
48 1
29 18
2 5
42 88
41 17
62 92
59 68
28 24
98 99
48 18
87 81
45 42
99 6
25 15
65 28
29 10
28 13
18 10
99 30
0 13
5 92
60 14
38 16
15 89
59 37
70 63
57 47
5 67
82 8
36 30
92 47
61 17
28 20
3 31
44 79
71 3
17 2
18 31
72 56
45 86
49 32
79 15
82 59
67 36
66 17
64 56
73 11
31 77
9 53
32 34
37 5
7 3
87 55
63 78
64 59
91 8
75 65
76 22
58 9
26 96
52 77
88 43
20 25
79 71
6 81
87 63
67 95
50 46
76 54
65 65
25 40
58 9
83 0
62 86
82 42
71 88
83 34
12 11
82 4
37 43
6 40
36 24
23 25
79 86
4 99
92 97
6 29
82 2
88 89
83 44
84 71
57 54
17 68
24 21
64 0
40 61
38 71
96 76
15 13
12 28
25 71
0 56
10 83
72 82
78 99
22 56
62 63
83 31
53 80
32 59
72 17
40 24
1 62
75 89
69 68
39 40
48 46
29 91
26 59
58 1
9 4
19 32
63 24
4 2
13 16
86 88
12 86
0 26
67 65
33 76
68 36
82 24
16 16
75 11
65 42
98 33
17 74
98 18
72 81
49 54
94 38
76 35
14 7
72 76
52 81
18 58
34 72
89 52
64 2
96 64
50 29
55 95
65 67
0 6
12 89
27 50
37 7
66 3
80 51
33 90
0 84
57 3
55 35
89 46
62 71
52 86
33 64
84 8
66 98
87 84
86 30
37 15
18 24
75 55
46 50
35 60
15 98
85 44
42 71
42 75
61 4
21 95
55 94
44 5
89 73
3 31
98 28
52 41
48 69
19 79
92 46
45 6
50 7
30 30
57 92
49 25
72 18
64 70
27 79
52 8
40 68
96 55
48 90
59 0
80 97
95 79
85 24
83 92
23 88
32 14
91 32
51 81
3 15
94 15
76 30
99 46
53 68
58 95
48 2
51 18
49 80
4 98
91 34
74 87
53 66
98 7
88 96
11 49
17 44
74 57
55 93
61 25
73 9
63 71
89 21
1 66
64 38
25 57
96 55
21 99
6 50
98 72
73 47
91 62
19 90
35 17
95 75
84 48
72 68
89 47
65 61
52 42
99 29
85 77
28 95
97 58
30 35
34 96
10 4
46 77
94 29
4 34
34 41
9 40
39 6
20 50
92 4
34 72
49 43
39 71
81 77
64 88
36 12
68 98
27 46
76 66
52 74
15 32
73 87
45 25
27 64
69 65
37 20
15 55
26 38
68 54
95 7
71 32
83 31
78 91
10 10
84 6
38 62
1 0
77 63
28 99
64 4
76 49
4 54
44 92
98 30
89 12
97 93
25 13
56 80
42 55
61 66
81 79
31 51
15 82
81 8
64 95
44 98
4 41
85 48
30 48
13 83
77 71
84 10
42 2
57 93
59 84
15 70
21 40
75 46
54 36
31 56
6 19
12 27
75 10
11 97
80 57
29 24
34 9
11 65
58 28
64 20
42 70
10 80
26 64
52 37
94 81
52 36
63 52
63 16
13 39
48 74
98 45
55 77
95 84
12 18
91 53
23 76
8 33
97 86
23 35
68 50
86 69
22 72
88 49
40 37
11 1
98 41
18 61
97 53
72 13
19 61
37 63
48 94
32 98
33 46
48 8
29 1
73 34
35 3
40 13
66 28
69 3
16 64
70 39
5 13
74 42
57 24
70 64
62 5
3 55
63 95
48 51
37 44
48 73
38 25
5 40
44 4
68 26
65 12
26 38
32 70
46 52
16 41
99 69
24 30
77 54
58 39
83 77
50 47
72 31
72 88
44 29
55 68
80 65
55 21
43 58
11 88
81 90
11 79
10 32
87 35
74 87
65 45
92 57
41 67
8 17
46 13
81 52
17 2
75 13
72 73
13 18
60 83
62 46
79 71
58 24
12 66
63 32
42 29
48 7
24 83
48 56
61 23
25 81
94 30
55 52
70 66
1 20
67 83
6 16
40 46
64 65
49 52
33 79
86 43
26 34
42 63
86 26
7 3
86 63
15 54
72 41
62 37
20 74
90 29
27 27
44 82
87 43
22 93
37 20
54 60
23 15
42 97
52 9
24 1
55 38
32 91
29 28
54 46
75 1
80 96
78 54
97 24
70 65
38 71
31 59
74 44
93 7
68 68
70 46
36 93
84 77
57 20
66 65
19 11
59 93
47 51
28 90
7 96
19 98
9 45
42 51
10 83
52 35
33 78
71 74
51 22
42 8
25 9
72 9
2 96
48 84
74 2
50 76
26 33
31 70
73 87
70 73
60 83
61 74
0 94
68 33
93 52
13 10
71 18
67 37
21 74
28 15
43 47
81 78
48 21
8 12
37 21
56 30
57 97
43 18
3 57
61 11
74 48
18 74
64 45
71 85
52 37
85 99
78 95
68 18
82 26
0 28
59 19
16 56
26 16
25 12
23 81
29 87
13 97
95 48
33 77
15 66
66 86
33 52
70 44
22 2
30 52
71 74
83 41
9 39
51 9
91 87
74 75
24 72
20 87
17 19
86 54
40 32
84 4
0 73
27 54
58 22
49 10
3 29
68 32
93 65
52 72
99 36
9 26
65 23
95 29
35 82
14 33
37 27
53 50
56 37
11 80
42 14
43 12
96 46
63 64
36 90
78 15
93 35
10 39
21 58
93 57
90 8
36 59
10 79
68 89
21 66
81 32
44 64
62 76
92 41
83 25
40 80
67 13
5 85
43 78
35 26
34 36
96 78
9 70
11 58
24 78
10 33
97 57
86 6
47 11
36 78
59 82
96 28
13 26
56 1
79 8
97 44
74 65
88 93
3 83
61 99
32 79
37 23
30 81
92 75
53 29
64 80
60 64
43 12
65 25
34 51
95 44
61 31
76 21
5 49
49 31
10 18
42 33
15 47
74 24
5 59
92 80
96 69
33 4
30 39
43 98
94 16
47 90
12 56
5 75
6 17
87 6
40 68
16 81
57 7
18 42
22 63
84 62
67 19
10 18
68 97
13 53
44 63
19 12
39 56
25 76
83 97
65 12
46 23
82 33
76 3
66 0
63 98
69 3
73 30
79 80
33 41
4 92
56 29
37 75
52 95
92 14
79 35
10 57
91 25
28 92
44 19
17 47
50 7
89 39
19 75
16 68
12 4
34 73
0 68
63 71
38 52
39 55
65 17
42 49
93 8
27 70
17 38
97 96
35 19
94 87
55 6
11 63
36 20
88 45
68 36
41 52
59 6
23 80
82 76
84 17
88 75
65 63
12 57
77 63
50 47
6 23
86 57
77 17
14 22
11 18
70 34
93 52
84 81
58 16
86 66
94 94
10 74
31 59
22 22
21 60
84 24
34 27
96 70
45 11
81 10
45 8
60 51
85 38
6 44
63 95
89 92
18 57
16 51
73 50
62 91
15 47
74 46
69 1
65 71
33 66
74 46
98 78
68 86
82 35
30 75
19 45
54 71
23 38
40 23
14 48
95 2
1 81
83 22
45 22
88 48
46 78
9 14
0 44
31 77
4 82
80 61
33 24
14 34
57 8
56 54
56 23
57 4
78 9
31 92
92 23
53 71
85 38
35 62
92 37
20 66
80 48
72 52
86 65
73 86
92 96
71 81
37 1
10 80
72 15
90 94
17 16
7 44
58 55
92 42
60 2
51 64
16 40
5 75
62 55
51 30
64 6
7 74
55 1
69 70
64 79
48 59
55 33
88 55
97 14
16 81
97 57
50 67
43 14
69 7
90 57
63 72
98 54
7 23
93 53
85 28
88 57
90 33
88 43
9 31
64 37
94 78
45 61
27 96
4 40
49 48
72 94
0 13
36 71
76 59
88 81
38 61
94 28
23 80
63 34
71 85
63 27
41 18
14 8
1 20
69 70
16 50
15 41
12 68
28 3
84 89
2 68
48 74
7 49
83 71
56 70
50 55
73 19
80 91
11 39
10 81
83 32
74 78
47 99
2 38
79 27
95 39
13 34
83 43
66 20
43 66
21 75
46 93
36 46
86 26
59 99
32 48
26 43
94 58
48 25
52 48
87 80
14 99
94 53
25 97
63 61
36 68
13 37
35 34
61 49
1 21
21 72
67 33
43 0
25 61
62 43
23 30
29 1
54 37
86 24
37 32
0 2
39 25
59 66
67 74
48 72
45 68
53 21
73 12
26 48
92 99
81 88
41 15
5 10
86 96
80 43
45 75
52 80
98 84
11 12
36 66
34 11
84 81
46 40
88 58
9 72
12 80
48 90
52 53
1 5
48 91
66 81
14 94
30 19
83 12
30 93
56 19
53 17
57 41
99 99
23 45
78 8
98 87
40 78
83 2
93 94
27 31
77 12
83 93
58 8
53 66
37 88
5 10
51 90
89 14
12 50
10 64
51 90
68 60
62 92
38 3
86 8
20 65
11 64
24 3
69 69
57 77
39 58
49 15
29 90
92 38
3 41
83 2
62 54
98 3
6 77
85 88
6 93
9 5
60 17
86 85
62 81
39 95
10 2
44 88
79 40
33 37
91 34
40 69
72 6
35 91
79 31
76 20
77 85
54 85
70 37
18 40
88 84
38 57
98 98
90 83
72 77
11 76
45 15
73 51
42 17
48 8
80 74
11 76
61 57
46 66
58 83
20 64
74 46
45 58
93 72
1 87
63 17
85 64
15 8
78 58
19 10
84 78
55 99
9 47
13 16
52 55
72 72
70 72
30 46
70 15
55 76
93 23
87 18
79 30
89 2
64 57
35 8
59 0
48 90
59 68
24 13
85 11
35 96
94 8
23 65
93 16
39 30
1 39
69 26
80 80
89 10
18 45
97 24
67 30
98 97
11 26
89 74
70 48
56 24
41 16
32 32
62 35
26 71
49 63
95 95
6 30
27 84
9 76
6 24
22 28
6 57
31 85
33 95
71 54
70 90
74 12
99 3
26 36
52 25
73 76
6 47
32 31
7 85
9 93
73 66
23 83
20 79
74 54
8 54
96 97
9 31
86 70
58 61
38 12
40 10
10 11
42 98
83 42
87 50
68 45
80 60
39 91
97 1
55 65
62 58
89 3
73 23
84 27
91 31
94 23
86 32
30 4
98 29
31 66
11 85
97 99
42 43
44 88
53 39
49 51
54 67
90 90
17 79
63 27
2 9
41 57
61 88
17 23
41 11
96 0
51 4
48 45
33 93
85 44
96 86
5 86
77 50
82 95
74 94
3 45
2 76
65 96
72 15
26 34
35 13
70 74
19 38
84 18
62 4
42 21
7 10
13 47
94 84
31 95
40 69
45 86
83 94
61 62
97 7
72 39
65 84
22 42
60 84
40 58
79 75
85 82
29 87
23 98
45 23
44 54
41 85
31 90
4 76
35 92
31 53
37 7
50 96
32 12
70 62
89 72
54 2
89 27
77 35
59 64
19 23
8 3
45 12
40 92
84 2
55 75
34 16
64 93
57 84
99 97
21 79
81 40
67 28
63 22
87 45
20 22
78 6
70 80
72 75
77 10
37 57
25 33
78 71
8 89
38 35
14 7
99 60
88 48
70 67
64 51
26 57
15 84
16 56
31 85
47 89
46 61
94 84
8 71
12 24
59 16
75 51
63 25
73 74
93 51
54 44
53 9
45 32
88 69
6 62
51 72
33 6
42 49
72 79
3 50
66 84
87 14
39 41
68 50
53 65
61 61
71 60
92 14
35 68
30 33
5 42
48 81
30 90
69 90
93 2
39 24
38 59
53 26
29 77
94 73
34 82
42 55
70 57
26 87
20 5
99 8
90 77
67 99
42 72
27 88
12 35
46 18
44 2
79 99
72 73
8 74
29 59
68 2
89 51
57 46
55 61
38 8
8 97
21 57
97 50
37 0
18 61
63 83
83 15
40 95
21 7
18 48
51 50
54 87
85 40
54 63
71 40
89 44
54 79
81 11
63 51
65 18
2 82
49 28
23 37
96 89
38 44
47 15
54 41
33 1
16 39
32 87
32 87
19 21
84 86
89 52
71 48
82 54
35 25
14 31
20 58
55 10
25 10
51 54
7 79
71 37
24 23
62 3
24 8
94 81
34 61
61 36
90 57
34 43
26 25
36 48
58 98
9 43
97 36
67 12
1 4
79 38
93 26
34 41
23 18
31 81
69 9
18 92
35 59
37 52
0 13
11 25
68 10
98 72
37 65
21 66
56 38
16 0
41 50
20 3
84 16
25 51
95 5
64 95
47 82
95 53
78 99
10 58
31 98
63 60
78 68
58 36
36 35
37 75
78 30
98 9
12 14
19 24
71 7
89 35
89 19
18 36
94 19
18 80
41 25
45 33
70 71
6 4
79 58
40 95
4 57
71 39
15 16
75 90
25 86
57 16
4 66
86 76
8 99
76 56
89 1
73 22
78 11
22 31
27 9
66 62
53 83
52 89
31 68
7 27
96 8
75 64
40 0
99 13
69 1
2 28
2 10
74 27
59 80
89 96
10 38
21 7
48 64
84 73
53 79
39 91
56 49
1 14
79 48
49 1
81 0
63 4
31 83
63 37
85 42
80 4
63 95
59 2
27 11
42 44
35 32
81 81
48 43
92 35
36 79
80 41
97 17
52 43
32 29
71 67
71 17
12 4
58 86
97 24
20 37
70 91
72 7
51 3
38 72
52 43
36 26
95 32
27 34
15 47
14 59
28 38
42 85
71 92
16 0
38 20
11 88
96 60
63 36
8 99
94 2
80 12
96 30
16 76
23 23
34 31
22 38
75 14
7 64
17 99
71 23
64 7
67 35
71 60
11 82
36 31
44 5
87 17
93 40
16 56
87 16
6 2
17 9
26 34
33 24
99 43
2 4
91 63
75 69
51 62
46 38
95 40
57 42
34 83
39 50
18 50
5 78
40 25
59 22
98 18
13 44
0 49
65 15
36 92
6 40
31 39
79 52
94 26
61 36
86 29
31 0
31 57
82 36
10 23
41 93
37 8
58 6
21 37
29 23
15 9
48 36
40 46
25 28
16 87
16 86
39 55
12 99
36 22
45 94
39 46
7 38
44 76
13 65
40 17
26 95
83 55
54 26
6 75
62 79
65 23
78 30
30 56
78 90
36 66
64 23
13 75
3 71
88 9
78 68
63 28
36 4
31 98
74 90
21 89
12 88
19 38
95 90
32 49
67 73
49 20
47 83
7 14
24 50
19 95
76 2
59 34
33 64
6 42
31 59
47 27
17 96
38 18
67 12
38 71
43 86
70 39
5 91
41 29
76 29
84 60
47 4
68 95
37 80
91 74
53 20
16 90
9 71
83 55
78 28
67 73
64 21
64 37
18 70
51 58
70 94
99 35
82 17
97 19
94 19
92 40
31 47
18 60
15 92
20 54
79 45
19 87
76 44
14 83
41 46
93 65
53 12
29 92
63 35
7 79
71 57
57 51
11 54
46 27
81 79
24 19
58 13
57 95
79 87
33 23
40 72
36 26
70 93
81 66
97 34
43 88
39 20
75 52
80 50
81 21
92 13
26 6
1 3
90 35
58 32
5 75
54 51
44 41
59 76
62 25
65 8
29 6
58 4
7 56
29 90
4 88
46 22
25 82
18 0
32 67
94 28
79 89
83 48
77 76
1 94
55 39
97 67
23 36
92 56
98 82
23 21
43 2
85 69
21 20
39 55
35 6
47 34
34 15
91 30
77 11
3 44
63 32
68 0
8 39
21 60
33 7
61 44
66 77
49 98
53 87
93 41
75 89
56 41
23 61
25 99
43 52
84 28
28 59
98 4
16 37
44 19
16 50
79 57
56 82
21 80
21 61
50 67
60 48
10 58
57 83
36 35
63 1
60 72
29 43
80 10
29 97
99 76
34 45
79 78
11 42
3 1
68 32
33 6
64 28
63 43
30 22
75 51
76 93
88 87
97 5
2 69
97 78
76 2
32 83
25 55
8 95
28 29
35 28
8 61
56 51
73 72
75 86
31 0
39 51
56 19
40 88
67 11
65 90
73 95
50 49
45 99
80 11
39 25
38 67
18 48
72 46
84 44
44 47
51 15
86 84
24 59
70 79
69 91
86 87
89 42
93 89
52 86
63 73
40 91
91 1
99 59
3 15
15 83
50 99
35 66
25 88
67 60
3 48
87 36
31 42
83 28
14 24
50 35
78 77
30 42
53 22
37 29
64 8
8 4
22 14
3 95
7 48
48 22
11 11
5 87
16 42
18 88
75 82
60 68
63 53
27 42
24 16
25 17
21 88
55 85
80 44
44 10
32 88
51 44
31 43
37 56
96 99
82 56
76 71
76 94
36 39
8 4
21 12
1 33
18 42
38 8
18 50
38 34
78 50
46 89
97 62
61 83
91 93
64 95
89 20
59 41
45 78
90 19
52 18
60 43
51 22
73 51
85 21
72 63
5 16
78 18
53 2
96 91
39 45
65 12
5 80
58 76
48 50
68 1
96 0
75 81
84 0
21 0
63 69
85 93
63 68
23 15
59 69
66 71
83 98
78 31
59 89
91 89
42 7
60 12
45 38
38 87
87 29
50 12
5 50
71 88
3 21
42 46
17 62
12 8
39 0
41 91
80 50
10 33
97 22
12 70
57 42
23 3
15 96
98 73
61 72
45 69
15 17
79 87
95 84
85 92
35 86
37 78
11 67
41 99
21 60
54 53
8 30
26 77
51 23
96 24
46 64
81 41
81 61
46 13
57 76
63 83
61 92
59 0
51 25
85 52
5 72
2 92
69 66
89 28
52 72
37 37
31 98
12 70
83 12
88 10
45 40
32 51
3 58
83 43
95 54
78 21
13 53
19 80
8 34
7 60
98 13
63 96
66 81
93 27
89 50
90 33
37 34
93 75
70 92
99 28
1 66
71 77
58 66
53 90
2 18
83 60
8 0
33 99
26 26
76 78
12 16
2 19
46 1
93 47
28 16
34 92
22 29
48 5
47 80
50 1
13 50
2 86
85 73
99 36
14 11
79 28
47 78
79 82
81 45
13 25
69 9
39 48
53 91
23 39
40 1
51 26
12 5
78 53
41 97
60 77
57 8
86 40
74 4
1 18
95 55
65 15
63 64
56 56
95 68
69 31
57 87
44 72
78 69
18 74
51 19
27 79
19 9
65 66
36 45
0 19
34 31
95 65
73 49
17 3
35 68
7 39
63 92
14 51
25 93
65 32
11 29
90 44
10 82
27 7
78 46
29 28
45 64
13 25
28 19
39 83
74 15
8 99
2 37
83 74
6 80
61 48
92 18
52 3
62 55
53 80
60 41
5 83
8 5
76 19
54 88
56 16
67 28
17 16
90 69
49 0
0 96
66 10
13 93
48 19
51 76
69 53
36 11
16 74
45 96
37 45
13 99
79 93
9 80
49 49
1 99
47 51
13 2
47 14
85 79
7 47
0 36
47 76
50 37
33 15
60 48
99 22
15 25
5 31
80 24
75 7
10 33
35 23
37 23
2 34
81 74
10 9
85 34
71 9
76 88
88 56
79 89
14 87
18 46
71 72
31 50
84 46
69 41
64 19
6 58
84 19
28 87
21 46
55 66
6 44
53 84
73 94
33 84
30 39
11 52
2 53
0 42
35 86
58 21
32 0
19 64
3 16
63 99
17 77
21 70
6 75
21 26
10 79
71 55
59 93
46 82
77 61
0 98
72 12
64 10
74 4
72 35
87 29
6 87
58 56
32 80
6 64
96 53
60 69
62 67
1 19
33 60
59 30
95 33
95 31
87 59
95 21
50 59
47 34
90 57
89 57
73 22
28 95
16 21
88 40
60 30
91 42
72 93
78 2
85 19
79 73
94 72
31 26
60 96
5 30
87 50
25 94
42 13
34 5
45 58
89 23
17 57
2 32
34 41
61 32
5 19
91 92
18 51
0 74
5 78
80 5
0 44
57 57
14 42
52 92
67 60
69 41
73 36
77 72
4 59
78 90
82 62
65 21
48 0
30 65
23 53
49 63
20 23
17 7
51 35
47 69
11 70
6 68
92 36
48 83
74 49
63 78
52 8
9 28
46 0
5 91
54 69
44 54
13 27
14 61
30 16
86 13
81 93
82 92
28 74
23 30
60 54
62 86
66 12
12 23
15 64
33 17
24 69
48 29
90 89
6 62
75 21
66 92
37 9
35 48
30 17
71 10
96 43
55 85
9 14
79 20
89 76
45 64
94 65
55 46
8 36
9 61
5 36
45 76
76 42
11 80
42 59
2 34
20 90
4 9
29 81
57 35
52 71
36 54
0 98
34 91
4 61
97 44
72 10
4 94
26 48
59 16
50 68
58 13
23 22
3 14
50 4
27 12
67 2
0 64
7 67
80 86
30 12
22 77
23 2
3 78
46 49
69 62
28 49
71 27
42 51
7 27
39 44
98 35
99 6
26 50
36 58
70 6
36 67
21 44
23 59
9 76
91 69
18 78
58 19
22 42
69 52
96 29
16 8
67 94
44 15
26 93
51 32
51 96
41 87
47 73
1 64
85 8
38 92
11 56
98 48
0 85
15 19
27 48
94 31
99 46
91 90
23 25
21 43
30 74
99 14
30 29
89 1
93 16
24 28
76 57
42 22
41 29
77 9
41 20
19 72
14 92
69 10
53 37
64 42
57 36
65 63
64 87
55 55
35 10
67 31
53 63
92 61
71 46
19 22
46 64
56 38
0 60
50 25
19 54
90 14
77 76
16 7
14 94
4 23
55 1
65 71
84 60
59 9
31 55
19 30
20 77
90 27
4 20
74 40
54 24
52 16
76 83
77 20
44 42
44 81
4 51
11 9
18 89
96 22
52 2
79 68
47 24
45 69
61 52
28 71
40 15
99 32
53 16
58 28
10 49
0 54
15 14
55 63
38 86
88 52
72 42
67 67
89 19
71 12
83 2
18 51
84 23
91 69
97 89
38 2
56 59
26 90
5 72
58 81
85 43
86 98
17 57
77 53
65 6
9 0
4 0
76 79
0 40
29 67
21 49
9 19
9 30
2 35
68 14
58 12
10 6
63 44
49 27
86 92
45 66
66 47
78 1
41 94
14 78
27 70
89 35
65 88
23 98
64 19
83 44
50 74
70 45
25 65
10 19
85 11
10 55
56 4
50 88
18 97
19 64
52 97
86 8
58 17
89 61
5 74
49 72
18 7
73 19
39 95
58 83
90 76
32 68
8 46
95 83
99 78
75 66
26 51
21 13
27 84
10 10
34 84
92 59
79 4
99 65
0 70
98 57
77 90
88 83
66 85
15 35
1 17
69 91
56 27
63 42
4 83
68 73
33 90
95 60
77 64
86 46
4 29
19 36
19 33
19 59
94 37
55 34
77 95
22 76
18 86
69 85
58 74
64 89
1 43
59 11
58 78
59 97
34 14
47 78
37 53
91 18
5 31
78 46
74 82
68 0
37 44
18 90
79 48
43 82
94 81
11 3
0 4
18 71
1 34
40 65
84 91
74 31
29 89
23 53
5 3
47 44
86 95
43 17
51 17
98 86
41 97
1 62
85 94
80 19
37 38
29 20
3 21
62 56
61 84
87 37
33 66
13 86
55 19
37 56
95 7
4 87
1 88
82 58
77 38
77 15
35 14
87 58
14 91
75 1
91 27
46 63
1 24
96 59
68 9
16 85
24 15
3 72
30 26
64 38
53 60
26 93
4 40
31 66
67 70
98 7
22 10
35 44
55 75
84 83
20 23
38 0
25 44
22 94
32 7
67 87
32 37
77 46
12 36
7 61
68 79
90 57
1 90
65 77
12 56
32 50
2 32
76 70
16 79
87 99
38 0
37 6
52 22
59 67
28 64
96 18
75 48
38 38
15 28
84 55
57 79
11 16
39 60
91 87
38 55
8 78
85 28
51 97
64 89
54 10
80 44
92 50
40 55
83 82
38 7
86 19
88 47
59 97
36 79
86 51
29 27
55 94
92 66
56 6
16 8
53 62
64 48
3 97
80 4
11 38
10 70
69 97
46 50
29 29
80 82
9 15
10 61
28 65
71 54
62 36
98 40
40 15
65 62
66 96
34 45
67 29
26 96
46 36
17 72
6 27
43 97
59 68
85 5
59 39
75 8
48 21
89 25
87 41
37 54
51 5
34 23
20 70
6 12
36 18
46 24
73 42
10 89
46 32
71 95
4 5
26 98
23 4
45 15
21 62
19 34
58 72
42 5
17 78
48 1
77 53
48 94
35 50
35 10
58 81
38 58
57 14
70 65
32 32
47 68
2 6
78 66
72 60
90 73
74 89
95 91
85 51
53 95
5 73
6 40
99 15
29 45
62 8
92 0
20 46
52 39
6 22
35 83
56 78
19 77
68 30
33 14
61 6
31 38
79 67
82 37
34 30
38 64
16 48
47 82
22 36
58 51
34 28
58 45
23 90
72 77
44 91
49 57
48 5
24 80
18 79
9 7
71 4
5 99
81 39
75 52
3 3
83 85
31 90
32 41
71 54
97 57
66 15
20 47
27 14
93 45
4 97
54 54
5 27
66 59
11 87
42 41
26 66
56 78
71 9
15 89
98 42
57 13
12 64
79 30
75 91
41 24
79 31
58 95
54 84
23 76
17 17
35 18
96 95
57 92
33 67
10 72
37 31
95 19
49 49
93 26
51 76
7 34
29 82
18 17
45 35
52 94
12 14
10 87
31 60
79 67
91 16
99 89
61 29
30 47
73 10
39 23
9 76
58 98
16 38
25 29
23 61
76 77
17 35
95 38
57 0
69 74
16 48
29 68
67 77
39 60
35 41
17 78
77 45
35 28
57 45
58 61
90 32
67 86
76 59
60 14
40 33
34 81
1 8
37 15
75 69
10 29
59 63
8 79
59 88
33 95
56 68
0 44
30 47
58 19
33 7
92 18
51 26
34 78
94 53
22 24
53 21
84 84
63 12
1 44
40 75
43 86
30 48
95 96
15 13
72 6
24 1
79 64
95 28
81 65
89 89
10 3
87 42
7 47
91 2
29 8
94 83
32 25
21 77
90 79
85 88
89 62
78 62
90 20
86 25
14 71
26 75
70 77
24 65
19 77
37 15
99 49
74 31
60 83
62 47
35 50
64 48
10 77
97 95
20 0
23 35
63 87
64 49
14 33
62 40
7 85
34 99
82 58
41 60
59 43
45 4
4 95
24 62
57 14
66 73
9 29
68 89
90 72
57 84
24 56
41 19
70 84
42 28
88 52
47 36
40 0
95 93
55 96
10 71
96 64
45 28
69 57
29 14
50 59
15 38
9 27
11 8
36 79
32 5
41 77
77 79
24 81
77 24
47 31
95 39
19 43
1 93
7 88
47 82
21 9
36 14
75 30
62 47
53 11
40 46
25 94
28 69
93 2
33 57
49 40
36 81
74 68
57 37
71 81
42 56
23 92
75 79
26 98
61 89
35 31
78 54
23 60
14 58
15 69
9 48
29 16
85 97
34 3
36 94
2 6
50 78
9 25
75 77
66 88
19 89
43 1
14 49
7 18
87 28
28 75
91 97
94 9
64 28
74 81
39 0
31 77
54 89
19 40
28 30
71 85
87 0
49 14
32 53
33 9
84 20
69 62
71 27
8 15
48 36
88 82
59 87
29 71
64 14
96 48
33 92
44 67
33 72
77 94
55 17
89 11
73 39
18 58
26 96
84 26
9 74
62 25
96 20
34 91
91 60
5 82
49 24
49 49
95 34
52 26
37 50
41 41
52 62
59 12
38 78
52 95
20 99
20 66
9 69
81 6
41 0
77 38
40 90
77 26
4 35
38 29
70 94
56 31
43 74
52 67
63 34
33 57
75 35
56 5
12 85
37 90
28 53
95 14
92 68
56 72
53 97
91 94
77 76
50 47
67 21
55 55
12 82
17 88
94 39
24 26
16 58
63 62
28 44
65 10
83 21
18 21
67 88
64 61
60 44
65 67
22 27
9 72
13 86
25 79
57 59
17 2
64 73
69 80
42 44
65 86
7 25
66 35
96 26
71 82
49 9
88 88
13 23
9 50
81 26
85 87
89 38
11 54
86 53
49 32
19 28
6 15
50 78
5 72
54 99
60 28
68 56
79 48
98 81
59 41
28 79
17 44
98 17
22 80
65 36
65 71
86 84
62 71
43 89
40 67
47 49
5 0
0 16
49 37
78 99
30 61
5 6
23 0
32 56
92 45
16 97
81 9
80 55
44 96
15 75
25 36
36 63
31 82
19 36
87 32
93 97
3 70
22 51
59 78
23 54
4 3
13 92
47 85
33 93
69 43
79 49
64 46
28 15
3 95
79 48
97 43
65 25
76 53
31 39
93 87
90 55
47 49
35 3
49 46
89 20
69 70
16 68
35 33
80 44
44 90
85 60
85 42
47 50
89 13
0 78
85 35
84 90
46 32
30 71
92 47
17 19
39 61
47 33
29 74
65 27
39 74
68 2
53 24
89 15
45 94
81 89
32 31
15 66
89 30
77 46
65 33
47 94
79 57
31 94
73 8
34 48
51 13
89 54
21 56
50 79
20 67
98 84
2 52
82 13
59 91
25 59
5 77
34 72
18 84
45 17
66 91
4 79
34 69
25 46
25 55
74 27
11 97
50 72
86 13
57 84
96 97
74 82
6 1
38 60
78 24
15 83
62 96
65 72
18 48
56 42
69 95
92 30
3 33
98 94
79 41
38 55
89 27
28 65
77 47
71 18
1 55
3 39
11 16
64 20
62 81
76 72
3 84
69 20
15 58
51 67
75 46
73 89
6 16
64 53
72 84
91 35
74 25
41 47
67 37
18 58
30 30
14 46
67 33
43 35
2 34
80 94
36 29
46 5
10 42
78 10
97 34
60 22
69 24
61 53
11 36
18 80
78 42
27 84
19 45
79 71
17 74
3 11
68 53
48 49
11 79
13 78
0 61
85 73
27 21
10 46
78 90
32 80
65 57
54 12
35 36
10 34
97 52
58 66
67 66
97 6
84 79
40 10
36 37
10 77
23 15
5 72
53 54
11 90
2 70
6 65
51 89
93 69
35 1
67 51
9 2
33 64
26 46
83 25
2 62
77 45
18 26
32 35
25 23
45 43
60 79
20 51
72 64
65 13
65 7
62 84
0 26
72 95
21 78
41 55
53 23
1 70
57 23
98 85
80 82
13 43
94 41
57 33
99 19
26 74
58 16
42 88
36 10
88 15
22 57
32 81
52 27
50 86
71 61
44 48
91 52
45 9
95 38
57 2
76 94
62 35
76 86
96 4
71 12
69 36
18 94
21 53
39 22
83 24
24 11
63 79
89 68
6 60
62 84
30 15
2 90
76 92
48 78
90 24
60 20
66 11
65 78
0 87
11 56
67 36
15 88
56 82
94 4
40 14
29 56
46 22
66 83
14 74
98 15
87 4
68 59
89 53
92 85
41 42
78 56
44 61
95 93
50 0
14 90
98 42
17 95
78 45
71 83
50 92
49 70
81 37
42 69
54 70
64 35
43 95
8 42
88 87
87 4
94 90
32 53
48 92
89 49
85 78
23 61
83 35
25 24
93 64
86 19
54 99
94 3
45 49
36 55
59 85
75 75
28 5
49 60
9 28
59 91
4 46
82 34
58 87
3 59
78 3
2 41
44 85
34 48
3 90
27 23
98 14
19 3
15 79
7 21
12 76
23 18
52 16
55 5
16 62
17 58
51 46
31 71
20 96
38 18
41 23
38 65
20 39
70 9
30 35
12 30
48 94
62 35
92 53
67 17
27 60
6 85
56 79
75 90
8 28
52 13
30 49
40 42
3 51
38 11
41 34
80 2
37 89
94 43
60 81
93 62
99 88
19 0
90 7
36 94
59 98
99 40
82 89
92 39
2 85
71 31
33 43
85 52
47 23
56 79
93 7
47 50
50 92
0 66
60 92
90 88
28 71
61 41
80 10
47 53
36 35
78 71
75 70
45 63
95 22
81 1
51 40
85 29
95 53
97 37
25 8
31 87
80 53
15 92
98 13
48 14
85 34
56 26
42 12
34 53
55 89
29 68
97 58
64 14
3 44
4 61
1 28
81 36
28 81
94 96
11 78
65 94
21 48
61 21
75 15
4 47
15 82
92 85
52 64
9 56
70 55
36 65
1 71
4 17
66 82
60 51
45 29
29 77
99 66
33 42
90 26
60 89
27 57
74 52
61 79
86 83
0 31
2 74
44 2
36 6
57 62
91 48
26 3
21 72
15 25
3 7
96 57
66 63
67 23
54 40
75 28
59 93
67 76
78 13
20 11
73 14
62 29
84 16
89 88
65 58
65 56
13 20
35 13
89 31
72 3
83 43
88 47
23 43
56 56
19 53
19 28
10 45
61 34
74 46
4 2
58 92
12 21
35 23
7 0
3 24
19 79
78 38
81 8
16 54
59 90
70 35
80 79
65 32
79 94
96 39
31 35
9 7
82 96
96 96
72 89
68 51
41 91
51 99
53 23
65 19
7 12
43 87
20 39
33 8
0 51
38 82
89 83
79 47
95 71
61 27
30 67
11 81
80 72
47 14
34 85
98 64
51 41
80 93
54 23
26 66
48 54
37 65
64 37
60 69
96 12
79 73
55 79
51 42
57 87
73 50
14 43
36 23
68 17
41 16
34 22
76 19
36 82
71 66
35 53
65 84
57 83
62 96
39 64
4 65
15 96
91 77
52 81
99 27
95 72
95 92
63 30
64 23
89 0
53 88
72 24
60 70
66 81
46 22
40 5
53 2
31 7
89 44
71 83
55 40
84 19
49 2
26 47
47 13
1 15
92 52
22 25
7 52
26 41
46 5
7 66
26 52
48 38
21 15
7 20
39 28
31 91
90 40
5 9
76 90
42 59
84 68
72 17
58 91
96 51
69 56
8 55
93 95
62 57
29 66
95 69
12 20
12 78
39 3
93 17
76 15
36 87
56 61
4 60
11 14
23 53
8 33
28 83
92 2
68 91
12 21
93 15
45 25
80 5
75 36
52 73
12 3
16 40
0 69
35 21
26 64
49 58
42 34
88 77
20 34
8 9
24 85
62 53
11 22
58 42
67 86
41 62
54 79
48 58
79 55
71 84
94 57
91 20
49 36
23 80
89 22
7 83
36 65
39 69
11 99
85 50
12 78
9 27
37 67
74 58
94 16
25 97
69 88
77 16
48 70
92 52
35 89
7 99
20 23
23 46
96 31
61 60
39 61
80 23
33 76
44 54
3 27
67 69
38 72
94 96
48 86
76 87
38 35
11 83
81 59
42 86
46 30
91 4
27 86
14 71
77 12
39 59
80 32
56 58
7 18
5 50
37 7
43 33
68 76
35 6
92 1
31 77
33 38
76 22
45 12
24 43
2 74
6 15
74 34
53 62
13 81
88 10
43 50
78 83
41 63
64 65
43 33
24 96
70 28
41 52
95 68
42 17
33 49
84 49
11 59
92 37
47 76
79 32
68 42
5 57
23 9
43 21
69 18
98 19
71 92
60 91
9 67
16 2
51 94
5 0
89 15
91 97
81 36
78 70
80 49
11 35
9 3
73 6
25 78
22 71
63 96
15 82
85 72
18 84
36 88
3 23
20 26
14 47
69 53
3 45
32 49
52 66
72 41
72 77
49 97
45 94
77 64
88 13
97 14
54 6
29 85
11 10
57 1
54 26
71 26
76 9
75 55
97 80
10 99
48 69
15 59
75 46
59 44
58 63
69 8
93 13
75 98
51 5
83 32
10 57
67 6
61 38
71 94
46 10
79 81
92 94
40 47
91 67
30 51
59 50
15 51
1 5
62 42
74 52
9 45
3 36
27 28
75 16
27 98
31 21
67 58
5 75
94 8
11 97
99 76
27 23
28 66
8 28
80 90
87 34
22 41
70 42
58 49
99 45
18 85
96 82
57 85
45 53
50 51
27 57
80 1
67 6
34 8
50 27
13 66
8 37
79 36
37 78
75 89
27 37
19 93
30 23
76 29
80 76
33 79
80 60
66 13
73 0
79 53
19 23
12 93
81 27
57 91
32 18
55 84
29 59
82 27
56 60
36 11
90 88
48 69
34 22
74 67
20 7
82 54
99 39
19 94
37 80
98 28
13 69
29 6
85 42
2 63
74 41
81 38
7 16
39 82
49 93
0 65
19 21
60 34
28 18
50 31
60 17
87 49
7 73
15 68
83 92
85 70
8 58
26 66
48 68
61 17
83 49
70 14
48 2
73 83
14 29
46 23
24 26
99 85
5 31
75 67
37 89
99 60
79 97
17 25
43 79
29 79
45 78
80 99
34 45
74 5
29 1
27 73
10 5
89 27
46 16
5 64
77 35
32 4
81 56
35 2
81 76
54 16
68 78
23 87
92 2
3 50
75 73
79 83
62 85
1 68
84 8
95 58
14 61
69 79
81 96
24 57
73 14
92 79
66 93
48 16
18 58
84 51
34 93
30 63
83 96
56 32
42 67
81 51
31 57
5 50
7 12
27 29
8 33
78 71
39 26
85 26
78 57
2 69
84 64
13 33
17 19
86 21
73 59
68 19
70 56
20 25
55 29
14 99
71 15
42 93
19 10
20 79
0 49
66 22
7 36
55 79
0 24
84 93
13 25
33 4
30 35
16 54
53 37
52 83
76 76
39 46
77 47
49 11
33 29
65 15
46 93
17 20
66 98
76 53
58 79
66 9
15 88
25 34
17 21
97 29
76 45
93 88
99 5
35 94
9 85
78 0
73 7
5 95
49 39
70 33
43 7
47 88
22 58
79 24
53 40
85 29
17 81
87 30
76 17
54 22
22 85
44 32
79 95
86 2
35 28
87 56
96 78
89 86
10 19
59 68
97 64
45 96
79 67
36 32
54 55
93 90
22 29
76 89
91 53
82 15
71 27
5 21
8 20
39 46
15 70
34 50
98 64
83 32
16 77
85 19
61 23
52 30
19 35
89 80
95 11
90 23
44 19
39 47
94 4
75 78
28 61
25 61
93 78
56 61
32 62
85 93
23 94
29 37
69 94
57 18
41 65
84 47
95 38
94 23
53 89
2 69
83 33
11 79
40 28
90 19
12 73
67 75
64 87
34 48
19 34
51 91
91 60
50 35
10 86
27 45
66 15
48 29
8 49
30 11
31 1
74 20
48 95
35 93
41 12
98 69
12 60
73 49
36 3
41 75
20 46
13 68
49 39
88 61
25 10
11 70
91 8
3 37
82 91
55 90
59 75
88 54
55 24
27 13
88 92
90 69
89 9
48 56
69 39
1 88
59 94
2 64
53 2
93 58
48 35
10 0
6 60
84 50
63 62
6 11
32 52
13 48
4 22
13 13
53 74
68 66
30 64
66 23
81 83
70 11
12 29
41 32
83 18
32 25
89 46
50 38
39 21
95 63
28 43
17 60
26 82
46 38
61 56
91 65
76 94
75 61
46 40
11 17
42 29
27 43
34 83
57 30
45 73
16 52
13 74
56 86
24 91
48 54
19 37
31 91
5 48
40 6
75 51
32 51
47 70
53 11
41 33
6 10
15 87
13 74
12 80
71 21
75 88
25 19
63 95
95 8
67 68
19 35
39 42
64 3
14 86
19 18
80 8
95 77
3 95
75 60
81 16
4 47
18 56
3 82
42 33
1 50
86 61
56 72
75 25
11 20
38 42
50 82
11 71
66 97
57 14
30 94
93 38
46 87
21 63
97 2
52 15
77 50
23 38
15 33
5 50
92 78
60 44
67 94
91 23
38 33
79 0
90 20
59 24
88 89
91 80
48 37
87 43
34 25
10 62
13 49
80 15
11 57
52 92
16 78
64 95
48 54
74 95
20 90
79 86
66 8
97 70
66 14
91 84
47 0
1 1
69 12
69 81
74 80
11 73
21 42
96 75
22 21
11 22
60 42
2 91
61 27
93 99
36 27
79 37
90 83
95 81
14 59
92 16
90 40
82 3
30 63
84 30
5 52
95 95
86 65
44 49
49 0
79 90
27 85
20 59
40 17
29 67
83 6
47 21
76 25
40 81
12 58
10 24
72 69
34 57
59 10
62 31
21 60
97 42
1 48
17 17
36 93
99 46
19 71
49 98
80 47
5 89
66 44
13 68
77 90
0 99
30 36
96 63
57 51
51 45
62 58
3 21
19 50
22 2
53 39
38 71
60 33
77 96
64 78
68 90
41 93
82 69
84 72
75 30
76 41
51 27
48 38
41 54
8 67
58 63
34 61
94 49
45 46
25 23
65 9
54 45
66 7
79 36
67 50
43 54
33 43
33 94
0 33
53 74
37 9
70 11
60 23
22 65
88 57
66 99
44 54
13 73
9 11
13 92
98 76
71 9
55 84
17 5
79 56
17 70
34 69
44 87
4 46
4 18
17 45
51 22
95 14
77 64
8 5
33 42
51 6
90 5
62 59
67 60
82 93
62 84
71 16
63 59
77 28
73 19
41 95
61 24
40 89
46 38
80 48
54 79
36 84
95 97
9 50
44 62
46 91
8 58
17 69
97 23
94 95
42 22
98 87
76 55
93 38
86 22
54 25
61 93
42 42
93 56
18 51
42 37
95 16
38 2
77 65
12 87
10 71
11 54
9 8
47 87
62 54
79 85
78 68
62 93
49 72
23 55
44 68
36 18
72 92
57 74
62 50
73 69
75 24
